# BottomRockLayer control points — worldX worldY per line
-7000.00 -1697.00
-6750.00 -1733.00
-6500.00 -1785.00
-6250.00 -1482.00
-6000.00 -1420.00
-5750.00 -1420.00
-5500.00 -1420.00
-5250.00 -1420.00
-5000.00 72.00
-4750.00 12.00
-4500.00 40.00
-4250.00 14.00
-4000.00 -361.00
-3750.00 -668.00
-3500.00 -621.00
-3250.00 -798.00
-3000.00 -1153.00
-2750.00 -1225.00
-2500.00 -1433.00
-2250.00 -1557.00
-2000.00 -1505.00
-1750.00 -1456.00
-1500.00 -1285.00
-1250.00 -1222.00
-1000.00 -1283.00
-750.00 -1178.00
-500.00 -1478.00
-250.00 -1580.00
0.00 -1784.00
250.00 -1886.00
500.00 -1926.00
750.00 -1898.00
1000.00 -1895.00
1250.00 -1984.00
1500.00 -1898.00
1750.00 -1868.00
2000.00 -1820.00
2250.00 -1820.00
2500.00 -1820.00
2750.00 -1731.00
3000.00 -1613.00
3250.00 -1590.00
3500.00 -1803.00
3750.00 -1878.00
4000.00 -1945.00
4250.00 -1820.00
4500.00 -1498.00
4750.00 -1395.00
5000.00 -1462.00
5250.00 -1348.00
5500.00 -1472.00
5750.00 -1362.00
6000.00 -1317.00
6250.00 -1181.00
6500.00 -1084.00
6750.00 -904.00
7000.00 -627.00
7250.00 -688.00
7500.00 -727.00
7750.00 -661.00
8000.00 -643.00
8250.00 -474.00
8500.00 -37.00
8750.00 119.00
9000.00 210.00
