# Submarine Game — Sprite Data
# Format: ROCK x y depth vertexCount x1 y1 ...
ROCK 408.0 -1243.0 0 7 0.0 0.0 -175.0 -370.0 -188.0 -698.0 81.0 -675.0 416.0 -263.0 322.0 61.0 136.0 96.0
ROCK 1112.0 -1261.0 0 10 0.0 0.0 148.0 50.0 293.0 -30.0 428.0 -478.0 349.0 -690.0 120.0 -691.0 -75.0 -545.0 -91.0 -140.0 -104.0 -10.0 -115.0 44.0
ROCK 847.0 -1079.0 0 7 0.0 0.0 325.0 -16.0 487.0 -173.0 316.0 -279.0 15.0 -274.0 -243.0 -195.0 -361.0 -60.0
ROCK 802.0 -1827.0 0 6 0.0 0.0 385.0 12.0 523.0 -117.0 505.0 -197.0 -3.0 -241.0 -239.0 -41.0
ROCK 1367.0 -1596.0 0 5 0.0 0.0 -114.0 -174.0 -148.0 -555.0 155.0 -491.0 183.0 -161.0
ROCK 1844.0 -971.0 0 5 0.0 0.0 405.0 20.0 533.0 -196.0 487.0 -485.0 -6.0 -198.0
ROCK 2192.0 -1362.0 0 7 0.0 0.0 -113.0 -243.0 10.0 -546.0 275.0 -599.0 407.0 -189.0 328.0 138.0 171.0 135.0
ROCK 1981.0 -1454.0 0 9 0.0 0.0 55.0 158.0 318.0 117.0 491.0 -108.0 381.0 -378.0 232.0 -533.0 -49.0 -466.0 -171.0 -150.0 -171.0 40.0
ROCK 2072.0 -760.0 0 8 0.0 0.0 -184.0 -218.0 -149.0 -319.0 101.0 -342.0 258.0 -132.0 210.0 28.0 129.0 42.0 115.0 64.0
ROCK 2164.0 -746.0 1 5 0.0 0.0 -71.0 -72.0 -108.0 -226.0 -10.0 -273.0 58.0 -119.0
ROCK 3290.0 -1467.0 0 9 0.0 0.0 -195.0 -190.0 -145.0 -589.0 149.0 -599.0 534.0 -589.0 670.0 -361.0 694.0 -173.0 560.0 -66.0 483.0 22.0
ROCK 3111.0 -1371.0 0 6 0.0 0.0 -171.0 -244.0 -102.0 -480.0 107.0 -485.0 415.0 140.0 279.0 242.0
ROCK 3198.0 -791.0 0 9 0.0 0.0 -34.0 -153.0 100.0 -253.0 746.0 -821.0 872.0 -856.0 938.0 -662.0 722.0 -276.0 384.0 -59.0 149.0 2.0
ROCK 593.0 -1733.0 0 6 0.0 0.0 175.0 42.0 442.0 -150.0 299.0 -277.0 -103.0 -251.0 -254.0 -77.0
ROCK -749.0 -1097.0 0 5 0.0 0.0 -525.0 -33.0 -789.0 -289.0 -63.0 -504.0 451.0 -368.0
ROCK -185.0 -1100.0 0 6 0.0 0.0 -155.0 -254.0 -241.0 -504.0 24.0 -610.0 219.0 -107.0 172.0 89.0
ROCK -428.0 -897.0 0 5 0.0 0.0 -122.0 -52.0 -325.0 -507.0 -76.0 -630.0 223.0 -6.0
ROCK 4073.0 -1658.0 0 5 0.0 0.0 60.0 -249.0 285.0 -180.0 152.0 130.0 -32.0 155.0
ROCK -921.0 -1142.0 0 7 0.0 0.0 144.0 -162.0 150.0 -157.0 440.0 -43.0 387.0 402.0 184.0 681.0 40.0 681.0
ROCK -501.0 -1218.0 0 9 0.0 0.0 348.0 -103.0 608.0 71.0 532.0 375.0 415.0 464.0 314.0 460.0 201.0 280.0 141.0 320.0 3.0 186.0
ROCK -227.0 -931.0 1 5 0.0 0.0 42.0 138.0 123.0 144.0 223.0 80.0 283.0 -194.0
ROCK 1269.0 -1242.0 1 1 0.0 0.0
ROCK 397.0 -1300.0 1 6 0.0 0.0 149.0 38.0 336.0 -123.0 241.0 -332.0 -32.0 -383.0 -88.0 -268.0
ROCK 4037.0 -1476.0 1 1 0.0 0.0
ROCK 3257.0 -810.0 1 6 0.0 0.0 -41.0 -110.0 727.0 -764.0 834.0 -655.0 629.0 -273.0 304.0 -56.0
ROCK 4211.0 -461.0 1 4 0.0 0.0 0.0 0.0 0.0 -363.0 508.0 -309.0
ROCK 4189.0 -764.0 0 12 0.0 0.0 29.0 -380.0 214.0 -827.0 424.0 -927.0 835.0 -674.0 740.0 -172.0 519.0 53.0 385.0 212.0 123.0 282.0 41.0 338.0 -22.0 307.0 -52.0 165.0
ROCK 2779.0 -1672.0 1 1 0.0 0.0
ROCK 2748.0 -1422.0 0 1 0.0 0.0
ROCK 2826.0 -962.0 0 1 0.0 0.0
ROCK 2745.0 -957.0 1 6 0.0 0.0 -143.0 -85.0 -165.0 -231.0 54.0 -309.0 227.0 -208.0 215.0 -21.0
ROCK 2587.0 -1148.0 0 7 0.0 0.0 444.0 26.0 423.0 -567.0 42.0 -655.0 -51.0 -663.0 -111.0 -622.0 -237.0 -869.0
ROCK 3001.0 -1148.0 0 4 0.0 0.0 -61.0 193.0 -324.0 184.0 -379.0 44.0
ROCK 1323.0 -1490.0 1 6 0.0 0.0 131.0 126.0 93.0 476.0 -36.0 621.0 -209.0 404.0 -180.0 136.0
ROCK 2274.0 -328.0 1 7 0.0 0.0 307.0 224.0 839.0 192.0 927.0 -94.0 613.0 -203.0 406.0 -104.0 285.0 -272.0
ROCK 2438.0 -401.0 0 17 0.0 0.0 -44.0 -267.0 -113.0 -625.0 -51.0 -1034.0 164.0 -1391.0 802.0 -1178.0 798.0 -699.0 811.0 -259.0 778.0 -3.0 698.0 227.0 620.0 286.0 501.0 300.0 429.0 326.0 319.0 303.0 133.0 324.0 -11.0 208.0 -85.0 153.0
ROCK 2457.0 -341.0 0 6 0.0 0.0 -14.0 -194.0 -168.0 -86.0 -216.0 93.0 -115.0 152.0 2.0 126.0
ROCK 5534.0 -1577.0 0 7 0.0 0.0 445.0 -9.0 503.0 460.0 417.0 576.0 144.0 571.0 -99.0 333.0 -198.0 81.0
ROCK 6493.0 -588.0 0 1 0.0 0.0
ROCK 6036.0 -162.0 1 10 0.0 0.0 -78.0 -66.0 -206.0 -350.0 -114.0 -644.0 -11.0 -711.0 195.0 -671.0 231.0 -482.0 187.0 -292.0 286.0 -82.0 190.0 14.0
ROCK 5890.0 -607.0 0 13 0.0 0.0 -21.0 -380.0 47.0 -663.0 103.0 -711.0 434.0 -628.0 669.0 -503.0 516.0 -111.0 467.0 -66.0 309.0 36.0 256.0 98.0 160.0 97.0 52.0 64.0 -26.0 33.0
ROCK -2238.0 -730.0 1 6 0.0 0.0 -153.0 -114.0 -166.0 -451.0 46.0 -497.0 195.0 -235.0 147.0 -109.0
ROCK -2031.0 -1094.0 0 7 0.0 0.0 -313.0 122.0 -504.0 54.0 -571.0 -364.0 -425.0 -419.0 -313.0 -527.0 -61.0 -472.0
ROCK -1677.0 -1439.0 0 11 0.0 0.0 249.0 15.0 338.0 306.0 199.0 510.0 240.0 636.0 83.0 646.0 -244.0 608.0 -440.0 569.0 -607.0 474.0 -526.0 328.0 -379.0 230.0
ROCK -1526.0 -870.0 1 9 0.0 0.0 45.0 120.0 522.0 384.0 734.0 353.0 693.0 233.0 410.0 53.0 371.0 -151.0 90.0 -62.0 -80.0 -113.0
ROCK -3313.0 -614.0 0 12 0.0 0.0 -83.0 -129.0 60.0 -290.0 101.0 -568.0 535.0 -671.0 723.0 -400.0 724.0 -61.0 508.0 3.0 348.0 21.0 257.0 -87.0 171.0 39.0 113.0 77.0
ROCK -2834.0 -681.0 1 6 0.0 0.0 217.0 -22.0 225.0 -102.0 112.0 -131.0 -66.0 -125.0 -156.0 28.0
ROCK -3957.0 -464.0 0 1 0.0 0.0
ROCK -833.0 -299.0 1 6 0.0 0.0 175.0 110.0 651.0 133.0 800.0 -23.0 653.0 -320.0 124.0 -209.0
ROCK -657.0 -382.0 0 7 0.0 0.0 58.0 67.0 355.0 -25.0 552.0 -184.0 316.0 -369.0 -70.0 -444.0 -120.0 -90.0
ROCK -290.0 -645.0 0 1 0.0 0.0
ROCK 1369.0 -1601.0 1 7 0.0 0.0 -115.0 -170.0 -135.0 -378.0 -121.0 -386.0 132.0 -299.0 172.0 -294.0 182.0 -158.0
ROCK 1981.0 -1454.0 1 10 0.0 0.0 -171.0 38.0 -171.0 -150.0 -80.0 -386.0 19.0 -369.0 268.0 -367.0 386.0 -369.0 488.0 -117.0 320.0 116.0 55.0 156.0
ROCK 1856.0 -1176.0 0 1 0.0 0.0
